"A"	"B"	"C"
104.4	145.7	119.6
124.2	105.1	110.4
111.8	99.9	114.5
121.9	110.8	121.1
143.3	93.2	121
121	138.6	120.6
100.1	173.9	114
123	172.3	116.5
135	105.9	116.8
114.3	113.2	124.1
109.1	92.3	109.5
109.6	116.8	113.6
110.3	122.3	119.1
129.5	136.7	124
105.8	125.6	113.5
111.6	138.6	115.5
111.2	106.5	112.9
111.2	135.6	115.6
116.2	100.3	109.4
104	95.4	120.6
118.6	149.4	121.9
115.9	75.3	131.6
112.1	100.5	113.3
106.1	134.2	123.2
126	113	106.9
105.6	102.3	110
122.1	201.3	121.6
102.8	96.8	123.1
115.7	90.4	116.6
110.9	94.7	123.2
115.5	111.8	118.7
116.5	79.3	111
117.9	99	120.3
130.9	142.8	109.2
111.7	88.9	124
112.2	94.5	113.6
114.2	151.8	128.1
114.1	122.2	113.9
114.6	122.9	123.2
120.7	116.1	124.6
114.9	132.1	107.7
116.2	140.1	117
114.1	117.3	112.8
122.5	120.8	105.2
114.3	131.8	120.8
112.1	142.3	100.4
130.7	120.5	114.3
114	115	112.3
99.8	113.9	106.5
128.6	109.6	114.9
111	133.2	113
128.3	139.3	113.5
125.1	100.4	100.8
118.4	171.1	122.5
131.2	115.6	115.9
114.5	172	124.9
114.3	132.8	108.6
120.9	154	119
103.2	140.1	103.2
131	135.6	118.3
105.3	123.7	114.2
115.7	129	126
111.4	155.1	112
111.6	122.2	104
124.5	106.1	121.1
110.7	117.5	118.2
102.2	78.6	120.6
116.2	113.6	116.7
109.5	123.6	111.8
103.8	119.9	107.8
119.3	159.4	117.2
140.3	79.7	113.7
112.4	144.6	120.2
102.2	124.5	111.3
122.4	121.4	111.2
115.1	98.8	113.5
135	89.4	127.1
119.2	125.7	105.3
119.7	133.4	124.1
128.6	108.2	117.1
115.2	148.9	114.5
120.7	156.5	120.7
107.6	114.1	116.2
119.5	87.9	108.2
127.5	114.4	123.9
137.2	106.1	97.2
119.8	111.7	120.2
129.4	129	117.5
112.5	140.8	111.7
109.3	132.1	136.3
111.7	136.7	109.8
106.4	120.9	112.7
121.6	145.3	113
109.9	141.1	119
132.5	192.8	104.4
93.4	115.6	116.2
120.1	110.3	115.4
89.7	103.5	119.7
111.2	87	112
119.7	151.2	116.7
112.1	122.4	109.5
117.2	117.9	120
124.5	146.4	109.4
123.9	91.7	119.8
103.9	75.7	106.5
127.8	97.7	124.4
123.7	122.7	120.5
119.4	101	127.5
113.9	102.8	119.6
113.6	121.2	115.3
139.1	89	118.8
117.6	109.1	117.2
112.1	106.8	120.7
141.2	126.2	108.7
129.5	122.2	119.4
109.8	88.9	120.6
118.6	130.3	117.7
119.4	132.7	116.5
126	99.9	120.1
129.7	61.9	114.4
116.3	94.2	114.2
116.9	112.6	113.8
106.6	116.8	110.7
107.1	92.7	114.4
122.9	71.4	114.8
119.9	138.9	119
130.5	101.2	133.4
117.1	109.8	112.8
141.4	123.6	118.6
125.6	131.3	107.2
120.6	127	108.7
114.7	110.9	122.4
119.1	75.7	120.8
115	142.6	121.2
116.6	107.5	115.8
127.2	97.1	117
140.1	104	108.3
109.1	148.5	122.2
129.4	137	119.5
114	104.1	121.3
126.4	155	113.2
118.4	120.8	107.8
110.7	80	115.5
108.5	124.1	131.8
120.7	110.7	123.8
108.1	85.1	122.5
106.9	94.5	113.4
112.7	129.9	113.7
113.6	122.8	121.3
108.8	133.9	111.3
133.2	122.7	109.7
120.4	146.4	111.8
107.5	122.5	113
108.3	90.4	120.5
110.3	114.3	110.9
127.6	143.6	118.2
113.9	86.4	111.3
110.5	110.1	117.1
133.5	122.5	126.3
114.5	132	114.3
124.5	116.1	114
123	99.6	116.2
104.9	88.5	108.9
114.2	65.4	124.6
117.4	134	120.2
115.8	118.2	112
139.2	105.3	103.3
114.7	112	109.2
108.4	109.3	109.8
123.6	107.8	113.5
120.7	121.2	123.4
129.3	141.4	124.5
129.2	123.7	124.3
121.2	122	113.2
117.8	98.9	112.9
110.9	189.3	117.5
107.4	141.3	107.1
116.8	93.1	121
127.6	78	104.9
133	95	131.6
112.6	78	113.9
113.7	107.4	118.7
115.4	166.2	118.7
114.8	100.2	117
120.9	110.8	111.1
120.7	112.6	106.3
107	111.5	120.6
125.3	86.8	124.3
122.7	109.5	112.3
127.2	91.8	124.2
117.2	145.3	109.2
106.8	103	118.8
114.8	169.1	116.4
117	120.5	122.7
117.2	144.5	120.3
103.9	84.6	117.9
113.8	132	114.2
116.1	100.6	122
120.1	99.8	115.3
122.9	125.8	125.7
132.1	102.8	121.7
126.3	103.1	108.1
108.9	128.8	114.2
108.4	105.8	128.1
101.7	170.9	106.7
107	135.4	104.6
109.8	111.5	108.2
100.4	99.3	117.6
111	98.2	118.6
118.7	112.2	107.1
101	93.7	120.2
116.9	129.1	115.7
125.4	79.3	106.9
100.4	92.1	115.5
120.4	108.2	121
108.8	126.2	116.5
116.4	133.8	106.1
141.1	140.4	133.6
110	80	114.3
106.9	117	112.9
113.6	135.8	110.5
112.8	108.1	102.7
110.9	101.2	106.4
122.8	104.9	118.1
126.7	109.8	107.8
128.5	97.6	109.8
133.6	98.2	112.5
121.6	89.3	101.8
120.6	88.2	102.8
107.7	206.4	119.2
112.1	128.5	119.2
108.3	119.6	113
126.3	113	114.1
125.1	129.1	122.8
110.4	135.7	122.2
125.3	105.4	119.5
99.8	127.1	118
109.9	129.9	121.6
136.6	125.7	116.5
106.8	149.5	115.1
114.7	103.2	126.2
118.7	118.8	125.7
99	163.2	118.9
121.6	119.1	109.8
114.6	112.8	114.7
109.2	97.2	124.2
121.9	93.2	116.4
129.7	78	114
108.9	101.2	122.2
119.6	148.7	119.4
110.5	120	103.2
102.1	114.8	127.9
129.1	107.3	106.5
103.3	76.5	109.9
113.6	108.5	113
111.9	105.2	117.9
87.2	96.8	110.5
119.8	151.2	121.6
121.7	117.8	114.7
115.4	125.8	117.7
107.8	129.4	114
133.6	121.6	123.3
97.1	125.9	109.7
113.3	179.1	108.5
117.7	135.6	116.9
133.5	188	113.6
122.9	118.5	111.8
113.7	114.9	112.3
108.1	129.6	119.3
111.2	114.3	123.7
119.3	102.6	115.1
133	121.2	102.7
124.4	107.8	123.8
107.1	137.1	115.3
120.8	108	114
112.1	101.6	111.8
118.8	115.6	124.2
127.4	104.4	123.3
109.6	137.5	119.2
123.1	144.2	124.1
111.1	114.5	124.9
96.2	93.4	120.1
112.6	97.5	124.4
107.7	148.4	117.3
120.7	99.1	122.9
130.2	122.7	121.8
108.6	85.8	119
123.2	85.9	120.5
118.7	139.7	115.3
123.4	104	111.7
131.9	152.2	109.7
122.1	90.8	109.8
116.7	132.6	120.9
117.8	114.3	114.8
112.8	106.8	105.6
119.4	132.8	108
122.1	116	118.8
126.5	128.3	112.4
134.8	138.9	107.5
128.6	104.7	109.4
107.9	128.4	119.5
115	86.6	108.4
133.6	112.5	113.3
103.4	111.7	119.9
97.9	117.9	112.6
109.2	102.8	115.7
127.3	107.5	117.3
123.5	109	118.6
124.6	119.9	116.6
120.3	93.7	116
107.8	114.1	115.2
111.7	132	113.1
128.6	111.1	113.4
124.3	83.8	115
125.3	122.2	122.4
117.3	109.8	112.8
117.8	139.8	111.7
127.4	118.3	120.9
129.1	111.9	111.7
111.5	124	124.2
120.8	154.5	112.8
107.7	116.2	121
102	118.1	114.4
99.3	104.4	128.8
120.6	194.3	126.9
109.5	107.8	116.2
119.3	99	121
115	94	119.7
109.3	115.8	119.2
125.2	102.8	118.6
113.6	99.2	118
94.6	131.1	118.6
125.2	118.7	111.1
132.3	128.1	114.6
131.1	98.3	124.8
114.8	105.5	117.4
117.2	107	116.8
116.9	140.5	113.6
115.7	136.1	114.5
136.3	117.1	115.5
98	120.5	117.4
126.5	86.3	123.5
109.2	96.9	114.9
95.2	101	123.3
144.7	131.5	112.8
98.1	101.1	103.5
119.8	111.9	109.8
104.3	155.1	125.3
132.8	111.7	118.8
121.4	76	125
122.7	92.1	119.1
109.1	142	120.8
111.3	109.3	120.1
127.8	112	111.9
123.2	87.5	111.2
126.5	151.8	114.1
136.8	109.2	119.4
115.1	166.2	118.6
118.8	125	105.4
128.9	79.7	107
136.1	102.1	122.6
120.9	145.8	130.4
143.6	107.6	110.6
110.1	137.7	129.2
110.1	155.2	122.9
128.5	108.6	126.7
95.8	176.2	119.4
140.6	83.3	104.4
125.6	99.3	119.9
127.4	132.3	112.5
94.8	96.8	106.7
123.1	104.1	114.2
122	124.5	113.7
122.2	141.3	111.7
114.6	105	134.3
119.3	141.5	119.2
109.9	106.3	110.7
121	105.9	123.9
128.2	110.5	126.4
112.5	129.6	113.3
114.2	131.7	119.5
106.8	111.1	119.6
121.4	96.4	108.8
120.9	125.6	115.5
116.7	111.2	108.8
121.9	80.8	110.2
109.3	159.8	118.9
116	125.9	122.2
103.8	136.3	116
114.6	106	108.8
130.4	100.2	106.4
106.9	110.4	120.5
124	135.9	120.7
111.8	82.4	122.6
116.8	122.6	112.4
129.6	118.6	114.3
125.8	158.1	118.9
105.2	93.8	112
108.5	104.4	102.7
108.1	140.3	126.4
124.4	114.4	125.7
128.1	117.4	113.4
131	146.4	116.8
121.5	111.3	109.6
114	114.6	112
110.5	102.7	109.3
119.1	140.6	122.7
114.2	104.1	104.2
108.4	201.9	114.6
115.9	117.4	101.4
116.7	102.6	118.6
123.2	131.1	131.5
138.1	78.7	122.3
137.8	85.7	117.7
113.4	99.4	116.5
117	117.9	120.5
121.7	142.2	119.4
121.8	126.2	120.1
117.3	115.7	119.8
120.2	143.8	115.6
102.9	141.2	114.6
112.4	113	119.4
120.5	109.4	109.8
133.7	120.1	107.3
115.1	141.2	118.8
105.7	103	113.8
102.1	154.4	119.6
110.6	152.6	122.8
130.2	166.7	119.2
116	114.1	114.8
111.6	100.6	112.4
146.9	161.3	113.1
95	91.2	115.2
120.5	100.8	116.7
122.5	126.3	115.8
113.5	104.7	120.2
116.6	116.6	115
118	110.9	113.7
127.8	75.7	121.2
96.7	122	121.9
128.3	113.5	114.3
114.8	171.2	120.5
121.5	106.6	110.9
121	122.9	116
112.9	142.4	113.2
105.1	132.9	112
106.6	120.8	117.6
109.3	142.6	112.7
119.2	105	121.3
128.5	110.9	113.4
142.4	114.7	114
112.3	103.4	114.6
129.5	123.5	113.9
125.1	107.7	123.4
109.4	98.3	112.5
116.8	99.7	109.9
116	115.5	105.2
127.8	142.2	108.9
127.3	108.5	113.8
112.1	129.3	115.2
122.6	141.4	123.7
120.7	104	123
114.3	121.7	114.4
123.8	113.3	122.3
116.3	77.8	118.8
122.1	87.4	114.5
110.9	78.8	124.6
117.5	100.8	118.9
123.8	87.8	119.5
106.5	122.8	112.7
112.2	135.6	121.2
127.8	108.3	114.5
135.5	141.3	118.7
107.5	96.9	119.5
112.3	106.8	122.2
114.5	120.7	106.8
115.5	80.2	113.5
102.7	99.9	121.2
110.1	120.9	118.6
121.9	141	120.9
121.2	117.9	122.9
126.4	99.1	114.2
126.2	150.6	119
123.6	115	109.7
106.5	138.6	113.8
99.7	85.5	115.6
116.6	107.3	110.2
131.7	79.2	114.3
119.8	131.9	114.3
108.5	83.7	107.2
125.7	91.3	119.6
132.4	112.7	107.4
126.8	102.3	106.4
108.1	107.7	122.8
112.4	92.3	115.3
119	103.3	123.4
120.7	91.9	129.9
108.9	110.9	113.8
124.4	109.9	120.6
121.9	135.9	123.3
107	107.2	122
115.6	111.2	113.8
113	123.9	124.8
132.6	114.7	123.2
131.6	111.9	108.8
115.1	106.8	112.8
111.9	115.2	115.4
107.8	113.9	119.1
113.1	137.2	127.8
114.4	157.9	106.6
122.9	161.5	106.2
142.1	90.9	121.4
113.6	82.7	113.2
122.2	75.3	121.6
128.7	128.5	117.2
123.1	107.8	114.3
106.2	138	108.9
140.3	109.1	122.6
126.8	138.5	106.9
102.4	124.5	106.8
123.9	107.4	129.6
134.3	99.2	131.2
117.1	149.1	125.2
130	83.7	115.6
118.9	90.1	122.3
106.1	135.8	115.2
113	121.5	120.4
115.4	75.8	126.4
122.3	140.4	116
108.3	135.1	122.5
125.7	135.8	109.8
107.4	145.2	117.8
127.7	121.3	119.5
111.1	156.3	111.8
105.7	93.8	124
126.1	129.1	123.3
112.3	90.3	123.6
114.5	96.7	132.8
104.9	86.5	109.7
112.5	131.6	106.2
124.4	77.4	119
120.6	130.5	112
122.8	116.9	125.6
102.3	108.6	130.6
94.9	138.6	114.7
96.3	131	127.1
134	114.8	123.7
111.6	106.5	121.6
113.2	169.8	117.3
128.2	102.8	119.8
121.1	124.6	108.7
117.9	115.9	116.4
98.6	73.8	116.2
136.4	178.8	115.4
113.5	104.3	116
111.5	130.7	121
117.3	132.4	119
119.5	101.8	108
121.1	105.7	106.9
116.8	111.4	111.1
105.4	115.7	111.5
114.4	139.4	111.1
103.6	121.3	134.5
120.8	87.8	115.7
112.2	150.9	125.6
117.9	118.9	114.3
104.6	134.4	117
105.4	131.9	111.2
110.2	109.9	113.8
142	133.2	118.8
125.3	93.4	116.5
107.6	99.5	116.1
128.9	131.2	117.4
122.1	117.2	118
117.3	88.2	124.6
111.2	130.2	103.5
117.5	129.8	115
130.7	133.3	118
120.2	82.9	110.4
115.1	124.5	124.7
110.9	77.2	106.6
121.6	140.7	117.1
112.8	92.4	122.4
128.6	114.1	114.2
107.8	99.2	118.2
110.3	142.3	116.4
129.4	135.5	115.2
128.5	118.2	112.9
140.6	106.7	114.2
109	98.8	117.9
123.1	151.4	120
128.7	104.7	117.9
118.3	96.1	116.9
130.7	103.2	117.1
115.6	124.6	119.7
98.9	75.2	120.7
123.7	89.6	118.4
118.2	155.8	125.5
122.5	121	130.9
118.2	115	123.6
119.3	91.1	112.9
116.6	103.7	120.8
135.6	140.5	106.5
129.7	115.3	129
106	129.3	128.8
123.2	119.6	112.1
121.6	189.8	114.8
104.4	99.3	126
148	121.1	117.3
108.2	143.3	111.4
118.7	123.8	119
103.2	128.9	118.9
123.4	107.6	118.1
119.9	115.5	116.9
113.6	130.9	117.5
139	130.4	107.6
106	99.3	119.1
109.5	119.3	117
94	107.7	108.7
143	141.3	113.4
113.2	113.4	119.6
129.2	110.8	112.9
126.6	126.6	101
112.7	133.6	122.4
123.8	104.5	116.2
114.5	99.8	115
93.1	133.5	119.3
104.1	142.5	122.4
123.1	108.6	118.7
127.1	107.6	109.7
122.6	155.2	123.8
112	88.9	104.9
108.6	96.5	111
116	86	111
112	126.9	103.8
126.1	85.7	114.1
109	101.9	113.5
118.2	92.2	129.1
120.3	151	112.2
125.8	132.4	123
123.8	104.6	115.1
101.4	115.6	118.3
118.6	145.8	119.3
108.1	117.5	105.4
125.6	117.5	122.5
106.1	145.4	118.2
108.5	119.4	113.3
115.6	83.5	116.9
125.2	146.7	118
101.5	78.3	110.2
123.3	102.9	111.8
129.1	99.3	118.1
140.1	101.8	110.5
107.8	89.7	117.1
99.3	109.8	125.5
122.7	106.4	120.5
101.7	127.5	121.8
126.8	124.6	117.7
115.7	117.7	115.8
115.4	95.1	108
111.8	127.3	112.9
119.1	119.3	116.4
119.8	109	117.3
122.1	86.7	120.9
115.7	93.3	122
120.9	96.8	121.3
112.1	123.1	122.6
117.6	106.3	106.6
123.2	136	125.2
115.5	107.7	118.4
114.1	95.4	111.9
135.4	81.6	111.7
104.8	157.8	118.8
111	107.7	123.8
116.3	106.5	120.2
110.3	120	122.5
114.9	128.2	111.6
106.8	134.1	119.6
104.9	135.4	121.5
117.2	158.6	111.3
122.6	101.2	119.5
118.4	105.7	112.6
116.3	95.7	116.1
122	116.6	123.3
112.6	118.5	116.5
115.7	120	124.6
110.1	99	116.6
108	114.7	110.8
122.4	114.6	117.9
128.5	112.3	120.1
120.1	91.1	117.2
105.4	119.4	117.6
116.6	98	113.3
134.6	116	112.5
104.3	118.5	112.9
109.5	98.8	108.6
105.9	107	110.4
114.8	110.6	112.2
110.9	74.7	111.3
128.1	117.3	108.8
123.2	112.5	129.5
118	142.1	120.6
120.2	111.3	113.2
121.7	100.4	110.2
105.5	101.7	114.3
128.3	128.2	116.1
110.4	100	119.9
126.3	124.1	113.1
114.5	106.6	121.8
117.1	136.9	108.9
117	144.2	123.8
117	89.9	127.8
118	138.4	113.5
111	137.6	113.4
105.6	108.5	115.5
128	86.1	107.7
108.3	112.5	119.6
127.7	103.9	112.2
136	120.4	115.6
116.2	109.5	115.4
132.5	149.6	120.5
109.7	114.1	109
108.8	86.5	97.2
109.1	120.2	112
104.1	124.3	110.5
127.9	131.3	125.3
120.1	118.9	112.1
111.5	72.7	119.8
135.4	102.3	118.4
119.9	109.6	112.4
117.9	98.3	115
110.6	117.2	121.9
108	93.8	120.4
127.2	119	116.9
124.7	88.2	118.3
134.5	114.8	113
130.4	117.3	109.7
105.6	130.8	117.8
133.9	155.2	111.1
123.1	89.1	105.6
110.6	108.9	111.5
96.8	120.3	124.9
104.3	117.3	125.5
116.6	105.2	112.8
122.5	132	125.6
127.8	94.7	122.8
122.3	150.6	122.4
124.5	79	121.1
109.1	116.5	116
122.1	82.4	107
98.7	129.4	107.2
116.9	129	109.6
119.9	105.3	114.5
124.7	101.2	128.5
124.7	116.2	112.1
109	109.9	117
115.2	80.1	120
110.6	107	119.2
101.1	165.8	117.1
114.6	121.4	117.7
110	153.8	116.3
97.3	179.7	124.2
114.2	105.9	115.9
122.8	108.4	123.9
116.5	114.2	109.4
112.9	87.8	116.2
125.4	126.9	112.5
134.6	159	109.7
114.1	124	118.9
122.4	89.5	120.8
124.8	128.1	125.2
118	110.4	120.8
119.3	131.9	126.7
103.6	80.7	115.2
123.3	125.2	110.2
122.3	112.4	127.8
124	108.3	121.5
118.2	104.3	113.1
112.7	110	111.8
137.1	115.3	126.5
128	102.2	116
111	149.7	120.5
114.3	104.1	107.9
111.4	102.4	126.8
120.3	96.4	113
112.1	121.5	118.6
114.2	124.5	113.9
112.7	116.5	118.5
130.4	126.8	115.9
117.1	119.5	107.7
131	105.6	107.9
113.3	101.6	112.5
100.4	96.9	112.9
101.7	132.9	117.6
111.3	170.1	108.9
118	116.3	108.7
113.4	105.4	116.9
105	133.9	123.9
110.9	137.7	119.9
116.2	119.4	117
114.8	90.6	128.3
125.3	121.8	113.8
118.1	91.4	133.2
128.1	121.2	106.2
111	140.3	112.9
105.8	156.8	117.4
110.1	130.9	105
106.6	97.2	122
124.3	83.1	103.5
123.1	81.8	118.8
127.9	98.9	120.4
109.4	161.4	129.3
123.1	86.7	112.6
118.6	107.6	113.5
125.7	115.5	117.5
132.8	135.9	119.9
107.3	128.7	128
105.3	107.4	113.6
114.5	135.9	117.9
100.4	97.7	125.4
112	114.1	112.3
129.8	122.7	117.4
111.2	93.7	111.5
129.7	126.2	115
123.8	127.4	112.6
125.9	103	118.2
108.9	119.5	110.9
103.3	114.2	128.2
114.1	152	122.4
125.7	125.1	111.6
120.6	115.3	118.8
120.4	134.5	113
138.6	96.7	117.5
111.9	139.9	109.7
119.4	141.2	106.2
122.2	100.3	107
118	174.2	113.8
118	82.6	109.9
112.8	126.2	111.3
111.6	144.8	112.8
119.5	119.7	127
116.3	133.6	115
121.7	141.2	110.1
131.6	147.5	118.6
121.3	111.8	124.7
118.4	126.9	130.4
114.1	93.7	107.8
114.1	125.8	113.4
129.9	101.3	131
116.2	131.8	120
116.1	77.3	113.6
113.1	100.8	113.5
120.8	71.7	113
121.5	105.7	119.8
123.1	131.2	128.4
114.2	151.7	119.7
124.3	142.9	133
120	110.2	126.9
125.7	119.9	111.4
131.9	103.2	117.3
124.2	91.2	121.4
112.2	116.5	115.2
117.8	122.5	124.9
128.8	88	117.3
111.6	126.9	127.9
123.5	144.7	121.3
110.2	109.9	111
119.5	115.9	120.9
124.2	135.7	119.3
123	135.7	120.5
118.5	130.1	116.2
123.9	102.4	127
112.3	87.6	120
122.9	133.5	119.2
114.9	126.5	110.9
110.1	84	121.3
117.5	88	115.2
91	116.5	122.1
130.7	97.1	120.5
103.4	139.8	109.5
104.5	133.9	103.2
129.8	147.1	106.9
140.9	111.8	127.3
102.2	141.1	123.6
98.3	82.1	104.7
105.8	93.3	117.8
121.4	119.1	108.5
139.2	126	110.5
111.2	77.4	115.9
120.3	137.6	124.3
119.9	106.4	117.8
125	121.8	109.1
124.3	122.5	121
122.9	116.2	109.4
108.2	126.9	112.3
116	105.1	125.1
123	114	111.9
121.1	103.7	103.1
118.4	133.6	112.7
110.4	148.7	110.7
114.2	107.7	117
123.6	138.9	113.8
131.7	118	116.8
92.9	126.8	121.4
107.6	130.8	124.5
123.9	81.3	106.1
113.7	116.8	108.2
117.5	126	109.3
107.5	110.9	118.2
115.8	100.5	104.5
112.9	125.4	123.6
140.2	127.1	108.3
119.7	136.4	105
110.1	109.6	112.8
108.9	127.2	122.5
115.9	92.3	117.6
124.6	102.5	111.7
140.7	156.4	118.5
110.8	101.5	112.8
120.7	126.6	105
112.3	118.5	118.7
119.5	89	122
132.7	133.7	129.9
137.4	150.5	112.6
109.2	124	113.1
121.1	168.9	115
133.3	118.1	121.2
112.2	119.5	114.6
107.1	96	116.7
95.5	111.5	116.2
119.2	132	125
108.2	162.7	111.8
115.9	122.3	122.8
103.9	67.7	111.5
124.9	118.8	119.8
118.8	98.5	110.2
114.7	107.7	118.9
127.6	108	108.6
122	160.5	117.9
120.5	98.9	109
113.4	102.4	126.6
112.8	119.8	99.1
124.1	98.3	117.5
105.6	105.6	110.3
118.7	92.7	110.2
143.3	106.8	117.2
108.7	115	120.3
112.9	161.7	122.2
101	114	120.7
111.8	95	112.3
123.9	99.4	117.4
122.9	121.2	119.6
103.7	144.2	115.3
119.8	126	117.3
116.5	93.2	129.5
112.4	124	112.1
96.2	84.9	114.8
121.1	130.6	115.5
111.6	136.4	126.4
107.4	86.4	119.3
120.3	123.7	122.6
114.2	130.3	116.1
96.6	123.5	116.3
130.3	134.4	124.8
122.3	81.5	108.3
95.8	128.2	118.9
121.9	110.2	118.7
106.7	77.6	118.4
116.2	116.1	115.1
121.7	129.7	112.7
117	117.2	108.9
133.4	96.4	115.9
120.8	90	117.1
127.6	109.1	121.3
113.2	142.3	108.5
130.4	142.9	111
122.9	112.1	112.1
116.6	105.4	117.6
117	77.8	113.1
124.4	121.6	112.8
127.1	139.9	115.6
124.7	126.2	106.1
120.4	130.3	108.7
131	79.1	118.2
118.3	136.1	122.5
104.7	140.8	124.1
123.5	97.1	121
117.1	98.6	121
126.3	105.9	117.1
88.8	128.7	122
119.5	97.8	116
132.1	151.7	118.6
111.3	116.6	112.4
95.1	114.1	122.4
125.4	113.2	111.6
132.7	112.9	124.8
113.6	101.6	121.3
118.6	175.1	120.9
130.8	103.3	114.6
104.2	102.3	119.6
